$SD@2015,4,3,2,15,12
$SD@2015,4,3,2,17,49
$SD@2015,4,3,2,18,14
$SD@2015,4,3,2,19,4
$SD@2015,4,3,2,19,29
$SD@2015,4,3,2,20,20
$SD@2015,4,3,2,20,34
$SD@2015,4,3,2,21,51
$SD@2015,4,3,2,24,15
$SD@2015,4,3,2,26,20
$SD@2015,4,3,2,26,38
$SD@2015,4,3,2,27,6
$SD@2015,4,3,2,27,29
$SD@2015,4,3,2,27,48
$SD@2015,4,3,2,28,38
$SD@2015,4,3,2,29,16
$SD@2015,4,3,2,31,21
$SD@2015,4,3,2,32,1
$SD@2015,4,3,2,32,41
$SD@2015,4,3,2,32,58
$SD@2015,4,3,4,2,32
$SD@2015,4,3,4,3,0
$SD@2015,4,3,4,3,32
$SD@2015,4,3,4,5,51
$SD@2015,4,3,4,6,14
$SD@2015,4,3,4,7,21
$SD@2015,4,3,4,7,41
$SD@2015,4,3,4,8,3
$SD@2015,4,3,4,8,22
$SD@2015,4,3,4,9,21
$SD@2015,4,3,4,9,58
$SD@2015,4,3,4,10,38
$SD@2015,4,3,4,12,11
$SD@2015,4,3,4,13,17
$SD@2015,4,3,4,13,47
$SD@2015,4,3,4,14,34
$SD@2015,4,3,4,15,6
$SD@2015,4,3,4,26,13
$SD@2015,4,3,4,32,28
$SD@2015,4,3,4,35,1
$SD@2015,4,3,4,40,26
$SD@2015,4,3,4,47,20
$SD@2015,4,3,4,47,49
$SD@2015,4,3,4,48,27
$SD@2015,4,3,4,54,44
$SD@2015,4,3,4,58,46
$SD@2015,4,3,5,0,10
$SD@2015,4,3,5,19,16
$SD@2015,4,3,5,21,33
$SD@2015,4,3,5,23,53
$SD@2015,4,3,5,37,32
$SD@2015,4,3,5,39,14
$SD@2015,4,3,5,39,27
$SD@2015,4,3,5,42,6
$SD@2015,4,3,5,44,26
$SD@2015,4,3,5,50,58
$SD@2015,4,5,22,54,20
$SD@2015,4,5,23,0,29
$SD@2015,4,5,23,1,19
$SD@2015,4,6,21,27,33
$SD@2015,4,6,22,24,31
$SD@2015,4,6,22,29,28
$SD@2015,4,7,1,40,48
$SD@2015,4,7,1,45,23
$SD@2015,4,7,2,15,24
$SD@2015,4,7,2,20,11
$SD@2015,4,7,2,24,12
$SD@2015,4,7,2,48,20
$SD@2015,4,7,2,49,57
$SD@2015,4,7,2,57,55
$SD@2015,4,7,2,58,36
$SD@2015,4,7,2,59,7
$SD@2015,4,7,3,8,6
$SD@2015,4,7,3,8,28
$SD@2015,4,7,3,21,28
$SD@2015,4,7,3,30,18
$SD@2015,4,7,3,31,4
$SD@2015,4,7,3,33,46
$SD@2015,4,7,3,34,11
$SD@2015,4,7,3,37,47
$SD@2015,4,7,3,38,44
$SD@2015,4,7,3,40,41
$SD@2015,4,7,3,44,38
$SD@2015,4,7,3,47,11
$SD@2015,4,7,3,49,32
$SD@2015,4,7,3,50,54
$SD@2015,4,7,3,52,27
$SD@2015,4,7,3,54,5
$SD@2015,4,7,3,57,47
$SD@2015,4,7,3,58,43
$SD@2015,4,7,4,0,26
$SD@2015,4,7,4,2,12
$SD@2015,4,7,4,5,1
$SD@2015,4,7,4,8,18
$SD@2015,4,7,4,10,19
$SD@2015,4,7,4,11,37
$SD@2015,4,7,4,14,17
$SD@2015,4,7,4,18,18
$SD@2015,4,7,4,20,29
$SD@2015,4,7,4,24,32
$SD@2015,4,7,4,25,19
$SD@2015,4,7,4,26,3
$SD@2015,4,7,4,27,1
$SD@2015,4,7,4,31,10
$SD@2015,4,7,4,32,49
$SD@2015,4,7,4,37,27
$SD@2015,4,7,4,37,56
$SD@2015,4,7,4,38,49
$SD@2015,4,7,4,39,27
$SD@2015,4,7,4,41,3
$SD@2015,4,7,4,42,53
$SD@2015,4,7,4,44,11
$SD@2015,4,7,4,47,10
$SD@2015,4,7,4,48,53
$SD@2015,4,7,4,53,57
$SD@2015,4,7,4,55,19
$SD@2015,4,7,4,58,45
$SD@2015,4,7,4,59,30
$SD@2015,4,7,5,0,50
$SD@2015,4,7,5,3,26
$SD@2015,4,7,5,11,49
$SD@2015,4,7,5,14,47
$SD@2015,4,7,5,16,14
$SD@2015,4,7,5,17,46
$SD@2015,4,7,5,18,16
$SD@2015,4,7,5,27,30
$SD@2015,4,7,5,28,25
$SD@2015,4,7,5,30,33
$SD@2015,4,7,5,36,55
$SD@2015,4,7,5,38,7
$SD@2015,4,7,5,38,54
$SD@2015,4,7,5,39,23
$SD@2015,4,7,5,45,21
$SD@2015,4,7,5,49,34
$SD@2015,4,7,5,50,5
$SD@2015,4,7,5,52,25
$SD@2015,4,7,5,53,5
$SD@2015,4,7,5,57,11
$SD@2015,4,7,6,0,32
$SD@2015,4,7,6,5,27
$SD@2015,4,7,6,6,12
$SD@2015,4,7,6,12,17
$SD@2015,4,7,6,13,37
$SD@2015,4,7,6,14,16
$SD@2015,4,7,6,17,13
$SD@2015,4,7,6,18,46
$SD@2015,4,7,6,28,43
$SD@2015,4,7,6,30,8
$SD@2015,4,7,6,31,11
$SD@2015,4,7,6,37,0
$SD@2015,4,7,6,41,9
$SD@2015,4,7,6,44,21
$SD@2015,4,7,6,46,35
$SD@2015,4,7,6,49,35
